0.0517 0.06 0
0.06 0.0683 0
0.0683 0.0766 0
0.0766 0.0849 0
0.0849 0.0932 0
0.0932 0.1015 0
0.1015 0.1098 0
0.1098 0.1181 0
0.1181 0.1264 0
0.1264 0.1347 1.45004e+06
0.1347 0.143 1.05779e+06
0.143 0.1513 1.12144e+06
0.1513 0.1596 1.22179e+06
0.1596 0.1679 840097
0.1679 0.1762 878103
0.1762 0.1845 1.09383e+06
0.1845 0.1928 777870
0.1928 0.2011 766560
0.2011 0.2094 669827
0.2094 0.2177 670287
0.2177 0.226 930910
0.226 0.2343 458235
0.2343 0.2426 621227
0.2426 0.2509 647623
0.2509 0.2592 541977
0.2592 0.2675 12551
0.2675 0.2758 542027
0.2758 0.2841 761774
0.2841 0.2924 518995
0.2924 0.3007 470075
0.3007 0.309 322339
0.309 0.3173 502067
0.3173 0.3256 402671
0.3256 0.3339 450081
0.3339 0.3422 452280
0.3422 0.3505 304292
0.3505 0.3588 466402
0.3588 0.3671 180788
0.3671 0.3754 416520
0.3754 0.3837 250402
0.3837 0.392 282167
0.392 0.4003 371930
0.4003 0.4086 214769
0.4086 0.4169 253828
0.4169 0.4252 366156
0.4252 0.4335 196786
0.4335 0.4418 215749
0.4418 0.4501 244962
0.4501 0.4584 324252
0.4584 0.4667 252571
0.4667 0.475 180983
0.475 0.4833 257375
0.4833 0.4916 84848
0.4916 0.4999 228100
0.4999 0.5082 258272
0.5082 0.5165 182147
0.5165 0.5248 266704
0.5248 0.5331 184642
0.5331 0.5414 262470
0.5414 0.5497 225346
0.5497 0.558 171331
0.558 0.5663 274341
0.5663 0.5746 238268
0.5746 0.5829 257402
0.5829 0.5912 183693
0.5912 0.5995 209275
0.5995 0.6078 196008
0.6078 0.6161 219478
0.6161 0.6244 230038
0.6244 0.6327 148540
0.6327 0.641 97982
0.641 0.6493 100720
0.6493 0.6576 162822
0.6576 0.6659 154712
0.6659 0.6742 203407
0.6742 0.6825 164875
0.6825 0.6908 180242
0.6908 0.6991 187127
0.6991 0.7074 116784
0.7074 0.7157 178308
0.7157 0.724 177580
0.724 0.7323 154911
0.7323 0.7406 96408
0.7406 0.7489 133489
0.7489 0.7572 120344
0.7572 0.7655 122673
0.7655 0.7738 72168
0.7738 0.7821 132675
0.7821 0.7904 80395
0.7904 0.7987 106131
0.7987 0.807 83515
0.807 0.8153 63752
0.8153 0.8236 22813
0.8236 0.8319 0
0.8319 0.8402 0
0.8402 0.8485 0
0.8485 0.8568 0
0.8568 0.8651 0
0.8651 0.8734 0
0.8734 0.8817 0
